1998
1917
2299
4265
1352
4022
3571
1030
1829
3407
4559
2423
1599
3918
1752
3482
3494
2096
734
15
693
2770
2644
1974
4453
2757
4402
773
2330
2451
4849
3393
3347
3566
202
3143
1738
4884
1159
1480
4094
4739
3913
976
4173
4893
1573
3714
2745
1822
1426
3901
1005
1467
2467
4018
2548
1803
3667
2419
143
408
2322
578
4679
1819
3250
2476
755
1200
1442
3456
4308
1692
597
3984
1522
3710
2022
4977
3114
1490
4739
2343
1009
1436
3653
2457
2062
2875
3216
2485
3634
1769
4018
3733
2883
2910
4951
2074
3620
3373
1060
802
1774
754
1238
826
2205
2839
4072
2775
1424
1053
2811
3843
3668
2579
2467
594
3587
3344
3596
4961
2048
4812
2866
4272
3620
1187
4151
4677
4132
1506
2809
4314
4587
1513
2119
3554
4519
1280
1623
678
101
2068
3757
4014
2276
3545
1978
2537
3834
3763
2749
249
329
2026
1030
1323
1899
999
3689
1767
3663
2406
815
2990
3985
4198
4978
980
3286
3062
885
2399
2278
802
1332
2846
4459
2564
32
4530
3865
4099
1982
4866
4508
2955
4784
3798
2830
3488
2346
156
978
283
4173
133
192
4727
1040
3366
272
4171
1827
187
879
6
512
3492
3394
2185
2343
4366
2548
3993
4407
4861
877
4262
4836
1602
2289
1848
408
3294
1375
4741
2600
4674
2390
4294
3594
1956
3376
990
1215
335
20
39
4674
363
543
1047
32
3606
3254
1700
2759
3773
3679
4923
1034
2944
3352
1514
2615
1008
1896
4420
3911
4986
4006
4178
1418
2120
2507
2644
2300
2044
3177
2892
891
1895
2985
4822
4740
2962
2737
4084
4198
1907
15
489
3402
3831
2597
1053
1925
3292
4906
1349
1173
2908
2794
2741
1449
627
2285
1126
4917
1021
1871
4445
3977
605
4912
3254
2463
3271
200
1454
68
2063
1514
41
2898
2364
2285
918
2857
4409
157
2089
4400
1115
87
1873
3358
521
4486
2540
3639
1671
3934
357
173
645
3232
663
1621
4752
2358
1298
4821
3328
1826
4376
1846
76
1561
305
3423
2919
2787
4065
2522
2619
2584
1833
1622
4669
945
4228
633
3317
821
560
1728
2500
4790
3387
2920
787
3715
1332
4422
4369
1556
110
2699
3694
1593
3437
3306
4278
2792
3473
2953
4427
2221
2284
3446
4850
4147
4192
3080
452
2837
3139
502
2625
4483
61
4697
4509
2967
2404
2466
3194
3036
1712
2220
4163
3528
993
597
792
1251
3072
4940
2522
4626
100
4995
4156
4931
1135
4922
1169
2351
1568
3747
2370
1919
2475
1543
3064
107
2909
4964
790
931
1654
3241
3973
3209
1115
3512
2510
2428
2876
3554
87
4041
4109
4786
1551
1335
105
3225
1733
513
664
4760
730
2736
4203
1800
1255
2260
2754
2117
4777
1421
2001
432
4367
4749
1601
1089
1376
3148
3063
1983
138
1535
3521
1855
2650
3103
1397
3353
590
1617
2004
1495
4844
4513
3060
311
3651
2390
3575
4869
3120
4837
1363
1186
2009
680
168
3453
4592
2922
2310
2531
4987
1206
1408
4770
2587
1617
4478
2501
3387
3010
2886
4691
3497
3387
4241
3374
412
4294
860
1874
1900
2341
46
3806
2105
2168
1093
3471
1241
4388
314
154
1437
1127
337
857
4152
4395
665
3103
2357
4735
2770
3163
4099
352
2425
2834
1979
3715
4049
2082
807
2145
2523
2392
1092
1003
2210
4313
2127
3775
432
2571
4111
1940
1437
646
340
1727
837
2628
331
3496
3667
1618
2132
4779
2457
430
1674
1778
4255
1667
3754
3998
3033
2577
3653
2253
3714
2707
3168
2394
67
166
250
1219
3369
4883
560
1257
2795
1990
3052
3730
3028
2257
1111
4185
3189
1978
164
1296
2393
217
375
895
4423
3103
1701
440
3088
1732
1086
1074
803
1697
2040
1771
3112
2325
1435
1753
2576
3489
4117
4329
3877
4895
398
4154
4412
1839
4040
3695
3981
4424
1838
1694
1368
250
2062
1938
4299
13
4523
2577
4055
995
1996
726
2356
2124
3697
4364
775
940
4147
2446
1009
3186
4217
2031
2847
4353
4046
1095
439
1694
1142
4445
2086
195
2863
559
2276
4655
498
3492
1249
1404
892
3483
1689
1162
1490
284
4380
2721
4330
3328
38
30
4053
1983
2755
3144
818
4386
4377
2078
4826
3129
4612
353
2536
919
1978
1592
3321
3085
4399
2182
2985
668
1443
4765
4643
4971
2417
2759
1346
2268
3910
1001
2655
3440
3360
948
2933
3544
797
973
2671
3449
1009
4352
1492
2822
3700
4125
1902
2904
1571
970
620
1278
2201
2052
4987
4044
1367
2258
171
4133
704
2573
1668
4175
4285
26
1981
780
3048
3695
3227
1129
868
740
2662
233
1597
1843
4922
2214
4926
3687
1834
203
734
2283
1062
4940
3444
3857
4650
3103
555
4550
2907
2685
1725
2677
2990
19
349
2659
3043
4916
664
2266
58
1946
1040
1852
4280
3350
2864
2618
624
1573
4396
2600
3977
125
844
965
4057
1922
4444
2506
2390
898
855
3554
2638
4088
4137
949
954
3710
1244
4519
4369
4824
3900
601
2226
2292
4843
2697
1192
4877
4004
106
1824
4520
337
1967
708
2196
3894
451
4184
2881
3123
298
1335
1888
4319
3241
4964
2699
1380
2814
4135
2074
1646
1658
3676
4756
4365
1781
1553
4475
3932
536
1403
1022
3983
2153
2045
2108
2023
3481
37
2313
2544
1239
2893
2709
1817
430
2475
3070
868
3226
4964
4126
3073
488
1657
3791
754
2933
557
1297
970
2616
1560
395
4278
2977
2895
2045
2959
2030
4640
3361
3545
3634
3107
3055
644
3706
2412
4796
454
4314
746
1948
3332
2910
1552
968
4625
1661
4332
27
3456
362
60
4660
3807
4265
4405
158
2990
583
993
3343
4308
3101
4398
3291
3330
119
1237
2206
4303
2897
4876
4863
821
2937
3624
327
1186
4378
1187
4608
468
2028
822
377
3832
1660
4148
409
3348
3674
2150
1974
2533
370
1162
184
592
3811
4344
1444
897
323
1590
1133
4009
2095
2542
204
544
498
834
1759
4815
624
2521
4724
3611
2723
4784
617
249
3418
1969
1552
4805
2970
3438
393
3254
2139
3384
877
2712
4254
2059
1888
2157
3866
4498
2756
58
827
859
3606
3457
4929
4732
2832
2157
4490
1249
163
137
221
3437
4318
14
857
1597
3108
2158
2241
1109
132
687
1503
4928
3688
450
1157
4019
2020
478
2303
1107
2548
2248
891
388
2948
2285
3713
1521
2325
1129
4246
282
2266
1304
4109
2773
1796
480
707
3301
3475
3136
3332
1845
1279
2155
715
2456
3991
2217
451
101
1423
1552
2710
3875
2472
2369
4015
4945
2831
2382
3575
1734
185
4205
818
1613
3036
2499
4304
1540
880
2344
1920
2919
386
1744
403
4775
4886
2230
857
4901
3141
4505
15
3626
4883
1226
482
4932
3284
3424
2504
623
3757
1294
347
286
2370
1615
3529
3301
1918
3056
4980
956
2991
4204
4189
166
2490
3594
2923
1200
1948
483
3973
1245
2665
931
4035
4056
4296
4709
1771
2077
1435
449
4838
4685
3015
2500
2019
1678
4390
645
1968
1969
3558
4094
1804
4750
3984
4824
4604
4681
53
1431
84
4858
4251
704
1977
4263
1151
2863
2450
1017
1763
715
3169
3882
761
2894
3756
116
4241
204
3847
2892
3231
2200
2385
2765
1102
2472
3951
346
1709
3521
4546
418
1583
4136
1752
4360
2410
1084
872
498
4588
300
4979
1789
3190
1125
974
2504
654
288
3304
1191
11
4942
2876
3825
3473
2670
170
977
3108
539
2622
2542
398
1848
4302
4147
2546
2311
4414
4554
4266
1539
370
1774
4476
2125
4922
1812
227
3118
1585
3088
2794
3813
2847
3864
3291
1919
4083
519
4007
882
2787
4342
4001
3833
3632
1570
4255
2023
4289
3126
1295
733
1012
4875
1433
1811
4263
4981
3160
4472
2342
3263
1119
1056
3437
1826
171
3721
1210
1425
3667
2690
1748
4845
65
1584
1233
4188
4373
1850
315
3675
1388
3440
1890
4701
635
3465
1877
873
1846
3213
1781
3526
155
3555
2718
4193
1662
1248
1440
4004
2616
4936
4985
4861
4707
962
4410
22
2352
4092
2847
3777
1337
3578
989
3701
1694
1527
4051
1357
2076
2673
3691
3936
3715
3851
3436
2739
2859
1976
1716
941
909
874
2186
4914
3016
4767
4418
3091
1922
4418
4793
4662
22
4871
2490
3668
908
1205
4334
1449
1274
1898
1937
3677
3715
1599
2077
3515
2073
1681
404
426
3336
227
3051
4901
1520
4227
325
3993
3495
1809
2162
3630
61
294
3471
3928
601
4380
2675
3083
3999
4817
1202
617
2513
3646
3798
3251
3613
282
1479
546
3103
997
3828
917
1250
4946
3454
4455
1290
2926
3803
3500
3528
394
4267
2416
1056
1732
528
623
2975
3461
3911
2041
4953
758
833
1577
2167
4412
1063
1190
1338
3284
3346
1231
3653
4186
1255
2358
2764
4438
3131
4085
2462
1670
1668
1471
1154
603
734
4559
2808
115
2883
3814
3941
4484
2307
1474
4623
4385
4119
3076
2816
4352
886
2505
1037
427
2886
3634
236
2388
4220
1300
3457
4183
1009
3341
2880
2994
336
1125
1570
1397
1037
801
2721
575
2360
1469
2495
1275
1153
2372
4359
809
4236
4842
1359
1348
1220
1430
3749
1389
370
1323
2150
3992
3705
1153
4249
3649
3735
1813
4911
3682
180
2789
82
4706
1935
4328
2136
4282
3843
1963
1609
41
3215
545
3362
3941
1977
214
532
25
864
3562
1666
2290
1103
4255
3796
2118
3624
3777
4925
950
1496
2750
1045
3934
1204
2720
4253
2245
3276
1779
3806
3797
1760
1514
3987
3398
56
1767
60
4165
2737
3406
472
2976
335
1144
4004
1838
507
691
1725
4730
966
1909
764
3576
2900
4504
3935
3183
3928
1474
2755
1372
1318
1804
1983
2516
787
4210
381
1959
3137
1335
1311
4770
4763
3316
2081
4751
4859
1379
3700
2231
4014
2203
3041
1062
4532
1199
2832
419
1229
1436
913
4600
3414
4243
2859
4770
95
373
1907
7
4468
132
3059
3278
4766
996
4580
537
1590
1872
2236
2364
3727
2873
686
1619
2694
479
1342
1199
3895
695
2911
244
4899
3752
512
2013
1001
4470
3577
2055
2136
4570
3933
550
4029
354
281
4618
3500
3247
2551
3560
4646
2814
4275
2419
2127
3998
3851
1226
11
2447
867
3992
3003
4971
4186
1365
4550
1918
558
194
907
2719
2445
3518
1106
977
4695
706
1486
365
436
3349
337
528
4003
3290
3440
1395
2982
1989
3964
4058
4691
3799
4492
2417
146
3757
1076
2420
445
2148
938
28
301
4092
2727
4274
4073
2100
3739
3140
3210
2369
1431
3210
2061
4843
1921
4990
3114
2008
249
3867
4207
2216
826
4916
4849
532
47
1301
2696
2326
4827
277
1740
1194
4198
4992
1241
4909
4844
3585
2634
3351
4060
874
4271
486
2618
261
4069
697
1928
383
1004
3478
4993
2542
4217
1119
3769
1394
4077
4641
3897
3883
4109
4116
2434
3361
2065
1773
2628
219
2591
4737
1301
921
1586
2176
1254
698
1161
2480
4889
3478
4360
4934
647
758
75
2851
2921
1701
2992
287
3873
4351
15
4338
4438
2737
334
4662
3593
2420
2510
3505
4608
2843
2918
1366
731
2487
1111
3034
2864
1006
2652
4105
1818
4917
4239
882
132
4210
4423
4416
1947
1924
54
1196
3625
4613
1423
2308
4093
1910
4788
4433
4621
4744
1312
626
1766
2132
4786
974
3331
1112
117
631
2109
1150
4067
2152
2478
2761
1860
4138
4691
1215
655
4132
3882
136
3180
4543
185
4335
2169
3763
3554
1815
4221
1983
4854
44
4286
2744
1710
3262
4438
3527
2336
286
3421
999
2077
1662
