14
1170
2612
3357
564
986
365
1639
3184
3360
2036
3824
607
2780
4364
2510
3567
582
2852
2299
1194
3411
1459
4139
1514
3538
3339
1125
4558
4291
795
4392
3567
898
1094
4617
2488
2321
3339
4178
865
2666
4971
4890
3173
4039
3840
1558
3968
2430
776
946
578
4621
1314
4156
2534
3622
4769
284
2812
3528
4057
2316
4048
4929
2443
3722
726
1570
3029
1489
4401
1628
1989
4130
592
2801
2847
4741
857
1334
1338
4893
3708
3678
3963
3207
2686
4655
1264
3511
4340
3727
570
1766
4931
4795
489
2662
4683
2816
624
2901
2344
2121
4541
4301
3196
570
1548
4867
4464
1985
2757
2712
2544
2625
2988
4979
331
2092
3644
229
2088
4512
4197
1083
1469
953
3943
2191
4064
3352
1651
4170
1385
2168
4249
1834
4054
1721
2650
1381
346
3776
2864
1709
19
3743
3045
4301
137
2012
3537
1594
3522
3565
2078
1416
1570
2899
3232
2242
903
4007
2977
319
4335
2740
1343
729
4803
2926
4877
1504
127
4836
2941
1679
2311
1514
3016
4749
1775
886
4473
2417
4398
3415
313
2903
576
1782
3203
1942
3370
2350
1263
744
4207
2441
1670
499
3196
1841
2487
4641
3962
1760
4810
32
1731
4657
1976
4216
3068
2429
1990
450
3374
3168
1201
4979
4865
434
3674
2668
2582
2244
2309
934
729
97
550
2382
1741
2532
892
3982
1496
3270
1107
2199
3782
2316
3902
2869
2002
4569
690
3396
4778
2327
3551
1744
3368
805
1686
4255
2000
3003
4140
651
4973
4079
4345
4419
4168
2223
2410
1332
2755
3569
2773
1352
4521
850
3412
1795
1247
592
3949
218
1940
2064
2583
2180
937
3439
4573
2949
3277
803
1563
3464
2870
716
3498
3511
951
1831
2459
2905
2554
2616
2966
4409
4301
508
4039
4245
1431
474
1043
4163
3992
3090
4415
3936
4894
1376
848
400
4370
1685
4196
387
529
1772
4438
1727
944
3711
4594
2778
571
2906
4079
2077
336
722
1883
1587
1677
4386
3333
1490
1067
1844
3634
3374
3022
1339
4908
4994
752
2796
3416
2842
898
4431
1909
3678
4531
3301
3796
1966
4096
4914
1369
4090
2292
3437
497
436
2412
2837
1680
347
1617
727
2995
3593
2764
1738
1678
636
22
802
1810
4117
1659
3210
3714
3604
1391
2761
3453
1669
184
2812
3486
2559
1043
2589
1025
4968
2767
3237
4050
2772
2621
3759
3523
1187
340
3343
2020
2989
899
2199
4291
893
3782
3200
3328
2866
4680
1922
4683
3000
2714
4061
2384
4025
3445
4330
3579
2419
1792
234
2262
3359
358
1090
3862
3294
82
4695
4709
1559
42
1098
392
3888
3415
235
4342
727
591
1309
4578
4903
2987
2344
4557
2147
3994
2224
1500
3507
988
863
181
3094
2097
4888
1367
3382
3624
3461
1938
1577
4556
3533
4725
2764
4227
4866
879
2103
4475
2021
4826
4943
4828
3240
1607
2031
225
3350
3793
4645
4427
795
2819
796
1942
4719
3140
4033
3690
4500
434
4998
3225
2992
3166
4984
3876
380
3664
2398
4958
4590
2121
3022
4512
685
945
1747
4990
2523
613
3241
3664
3828
3160
3500
740
2011
2791
4063
2259
3422
2720
1423
2198
1257
919
4586
433
1628
3238
3656
831
2892
3751
2959
1231
75
1194
1989
496
3483
1762
2225
223
1032
744
3189
3482
794
4975
1398
2009
1982
188
3499
2624
4835
2516
4299
755
2483
3199
1335
4113
883
3944
1691
2429
4782
599
4930
4628
2966
3690
4215
3113
3245
3496
4636
2224
1571
1063
135
2504
18
4597
4411
1897
844
4863
1145
306
704
2193
1584
2474
2785
3265
1394
1502
564
4881
2744
4464
1992
2542
817
3116
3680
4328
2257
2701
1377
590
2122
2921
80
2802
1024
4091
2797
2729
333
2048
85
4244
4795
2440
1265
282
2804
4610
3377
2041
789
3262
4559
676
1586
4543
3692
4298
1544
2469
4305
685
3441
792
3401
169
3765
2731
152
1812
33
1523
680
4709
782
594
1784
157
107
3004
4334
3272
3935
2509
4539
1029
2040
2208
1629
4327
200
3010
3326
2851
2453
2698
1444
3119
2179
380
1854
4004
1114
967
4988
3714
4453
4314
2809
4935
713
888
4417
1659
3990
755
4759
1376
2847
2998
1623
1841
4850
4241
2428
2152
2147
974
845
4003
1527
1442
4648
3580
1510
2244
4409
309
1565
1525
1005
2832
185
2979
4784
2425
4345
3732
165
2657
1279
4859
4669
3281
3036
3147
2998
2407
3418
252
2211
1958
2791
649
2765
4573
390
2774
3612
771
4327
3919
3626
2869
464
1493
2059
20
2682
2018
110
2409
1790
1141
1832
2875
4949
2641
1862
3209
181
286
1687
562
459
4444
307
4821
694
731
3354
277
3528
1658
2416
3164
3949
3737
2436
1141
1786
2697
4635
3463
2563
405
3674
1298
1898
3966
1388
981
679
3170
2593
3951
3120
2902
4421
4017
2112
3610
718
4133
4016
772
2980
226
1234
4451
3822
331
1940
755
1046
926
1441
3985
4985
4695
1696
820
986
2061
3881
915
339
481
1645
1205
2416
2204
3403
1096
3964
1788
4466
1756
1420
585
3367
478
1083
2847
4104
3270
2193
3997
4619
2267
1967
2036
938
3213
4683
657
2362
1853
2017
2395
4823
1327
4889
25
3726
4887
1728
3701
4558
4619
4283
517
445
3912
4457
266
4732
1505
1023
4372
3488
475
3859
2458
2698
4227
4925
3766
1664
4860
4147
1849
2862
111
4276
1888
3097
931
347
99
2270
807
1197
2465
2254
1699
1033
3880
4567
363
4107
66
292
1647
3629
3211
1840
1078
4131
2754
1041
4938
3558
3960
3024
4362
4592
1856
2802
3598
799
67
3280
276
527
267
1077
1270
1301
1860
3311
239
2188
2842
4089
3547
3780
2739
223
1704
1271
2371
1412
1920
57
3512
4150
2461
4685
1198
4556
