139
2363
4600
916
3482
1685
1022
1325
1766
277
5
4317
228
3680
2701
1755
2294
2182
570
1463
3208
1154
4127
1001
2467
3332
3386
1172
4303
550
2820
3507
920
4890
3481
3602
1309
4500
2986
4530
1031
1785
1449
1083
1804
4381
3716
4779
1059
1868
2532
895
4371
1150
2112
1358
2345
4781
3410
2671
4382
3827
4953
3122
1049
2360
3528
691
440
230
1239
3734
1407
4143
95
2290
2665
950
617
4637
795
2206
20
4811
957
3418
3172
821
4768
4649
3503
894
1488
476
1530
687
4947
1484
1130
4402
2368
1425
3349
4784
2307
311
3187
4886
3691
4097
1858
2013
604
4185
2126
4204
2512
2658
556
4315
321
1312
2782
3005
3224
835
3411
4786
3809
130
2167
1066
3098
643
2821
2832
481
1668
3137
2203
665
933
1626
3459
3903
4737
2624
4888
2442
4257
2353
4631
9
3074
838
2481
2626
3108
4905
4983
3823
1634
4618
4024
565
805
39
927
905
2019
469
1621
4534
800
3809
4309
3888
1525
4508
272
4759
3930
1076
982
4938
1833
3984
3771
3151
4808
3074
1116
2687
25
812
3115
3473
253
2464
297
2437
1934
4093
4256
1228
443
1002
1974
2553
2357
3996
4607
2177
980
4050
787
3817
593
4905
1200
1466
1144
3640
2503
3002
1529
2278
2707
3844
4836
3426
1784
1155
3440
4154
1994
1580
1643
2249
4888
3726
3569
2707
4076
3400
1339
2154
4548
2791
2969
2423
3588
406
1081
1233
3860
2091
89
3853
2557
4426
1015
365
4119
2871
2473
1847
3508
4194
2880
4426
2841
3070
2620
1187
2370
1363
3222
4684
1501
677
522
183
1170
595
1269
104
4806
905
2529
1066
3646
3823
672
1659
1500
2653
4063
4550
4900
2780
3298
1987
1748
3965
2879
3266
57
2468
1305
3787
422
3197
1565
1292
3137
2557
3702
3401
1843
2002
2436
4076
4891
624
2877
3625
3033
2121
4944
2399
4409
4997
139
3613
204
3361
729
873
3356
180
2464
1020
371
314
196
772
1247
4719
4758
1988
3428
2441
1959
2390
4109
2694
3490
2688
581
686
4948
1880
450
1855
705
558
2466
3009
222
675
2652
2264
2048
782
1726
445
773
1609
885
1572
1249
2342
2100
3537
2651
2613
3193
2163
1545
2798
3298
1396
1224
4756
1315
2776
1483
2708
4494
2399
375
3609
1994
336
941
3558
2681
1176
1223
2928
1719
3441
354
4869
1746
3092
848
2038
607
2472
512
3465
3561
3284
4883
775
1336
3481
3244
994
1935
194
3579
3744
184
4841
3446
3537
2660
2865
4095
405
592
823
4385
1814
1568
427
4895
3945
1689
4275
516
4919
4616
4133
2154
2035
1533
603
90
3882
449
3758
448
4479
3841
3708
4173
4918
1217
3853
310
4028
1154
1090
1931
2747
4718
98
149
1412
3509
176
4655
4425
2775
3523
755
1666
3986
4812
3757
4487
4407
233
4094
1974
3772
2453
4854
3322
4763
4515
3747
4439
3864
672
741
2389
4901
4306
4007
2619
931
2394
947
300
1465
3904
3034
46
4531
4878
964
3497
428
2613
3523
2218
1489
918
4749
4073
4928
299
1025
77
1143
3077
2286
719
377
1504
3724
189
2162
3289
3498
3781
3438
3797
3614
3304
3160
346
2858
434
1288
4503
2597
1250
1460
3740
2252
2161
4106
4965
2197
2468
1728
2408
314
301
3862
4748
4584
2885
3662
3135
559
535
1860
698
4272
975
2659
1021
2326
4212
4679
1153
2147
4536
724
1236
664
2324
2419
905
2732
4440
4366
2947
3850
661
3214
3295
1264
1006
1035
3136
1135
3141
47
2945
4838
2058
133
1138
99
4822
1089
2497
1500
4714
4890
404
1162
2076
2237
4658
236
2482
2855
2864
1033
1502
584
1701
12
4043
678
1602
1976
65
1629
3265
4030
1892
3624
4910
1037
473
3333
4825
788
2879
352
4695
4554
862
2354
3245
2127
1026
1004
3325
198
2856
1879
1146
2886
16
466
4456
2060
3871
975
3996
4527
752
324
2721
4300
2026
354
824
2772
1415
3814
2808
1557
4053
2521
3377
491
3404
403
332
1426
2951
131
1146
4970
971
1114
2015
3367
3243
2778
2859
3042
4694
703
1561
841
310
1299
57
171
1913
965
3211
788
642
2893
1744
1548
1381
2736
773
552
2730
877
3507
2082
894
2905
4578
280
1488
1311
1282
1310
1581
4490
1196
3810
1235
590
2895
3635
1641
558
3566
1120
1502
3027
3601
3165
4562
4072
2829
3486
3306
930
4486
2975
3076
3921
2443
1513
1000
262
2708
2273
3817
2991
807
199
4562
3863
3173
3256
862
4801
2801
4870
3380
4743
129
2183
142
514
3252
4776
590
1262
1697
1774
1222
3725
1584
444
4828
825
3578
4388
605
4306
4299
2037
489
3274
4427
4131
1166
7
1757
3171
4850
4138
1392
1553
4998
1629
1549
4087
1049
213
2215
3938
1976
3520
4257
591
749
2157
2520
3279
1963
4763
4548
3080
1562
4938
3040
4779
2201
4135
722
2651
1915
615
3891
731
3714
939
2334
2041
3620
3684
2160
3801
906
4046
3572
4329
3378
232
353
477
1810
369
3451
3279
326
3570
227
4280
218
695
2205
4287
3572
1539
3394
1221
3441
3300
627
4199
503
2564
1523
2884
2077
689
2620
630
4332
2614
588
999
3210
3612
1922
372
1217
4518
518
3863
3651
4868
4371
2301
4273
2924
1010
1734
2556
1329
2039
3414
2173
3261
4808
3084
3523
1321
2722
4860
94
2084
160
131
3381
3651
1346
2618
3122
1538
1797
365
115
177
3852
954
405
2905
4175
3394
2754
3738
506
2352
3704
4750
305
4904
4970
24
2476
1240
152
1353
2814
3629
3637
4318
3680
4065
2060
3352
3541
1007
146
4766
1853
401
2571
2666
1406
708
1483
581
2622
4402
36
2714
1000
4376
1492
4368
4359
496
854
3200
4040
3531
1196
3672
1511
3687
3449
2627
3078
3032
2267
402
119
1099
1984
2123
4040
2378
1188
4292
2382
4884
2611
3788
2388
960
4563
2597
2421
72
1363
825
3605
3789
4147
4158
4104
3883
2892
830
3533
2234
4150
2453
4523
2535
4663
2020
1656
1256
2784
868
799
1058
3828
1389
3439
3463
1400
1785
1713
2537
3080
2931
726
2566
4625
1732
2896
4460
1997
3840
3021
3738
28
2855
1005
1285
3212
1017
1493
328
4702
3817
2440
3614
4470
2667
4168
4788
1229
73
4543
3120
1950
1117
3873
4291
2910
1130
426
2500
3192
1410
4536
123
2197
467
2694
3129
3587
1246
653
3344
740
392
1235
2848
1429
2650
285
3581
4389
2579
4815
55
4764
3928
165
660
811
4233
649
4175
4260
4957
4958
1076
1567
1065
1244
4815
3681
1295
3143
2394
1869
2093
1316
4088
285
552
681
2700
288
1020
4238
2839
2529
2422
25
40
3779
387
2387
1521
362
825
4355
4511
1047
3559
3305
119
3911
2052
1813
3882
4023
1002
4562
852
1912
2555
731
1105
3630
2520
1563
13
1747
724
1929
3341
3540
2486
524
1922
487
247
4763
3679
1753
3168
2295
4088
2780
2064
3431
1193
4269
45
2942
2650
1219
4569
1882
3571
1949
3321
3198
4543
1735
820
4463
1917
2061
4230
4969
443
4252
4712
1796
2668
733
1609
3029
4087
2811
446
2655
3899
1449
2068
2777
3519
2547
2838
2106
4314
485
4658
4543
3037
656
932
2404
1410
2822
984
3280
4284
2556
382
831
695
2838
1659
1943
2976
945
3282
4238
4844
4943
2524
3645
443
3653
1237
3999
3283
4502
1987
3008
523
3980
4249
3253
627
4032
3701
912
984
2106
2823
134
572
4821
2037
4933
1422
1249
1187
1958
2244
1051
3207
733
1678
4236
1503
2744
3077
2441
1494
2328
1503
1572
1221
2063
441
4539
4329
1449
2795
572
3359
2701
4985
1581
4646
1124
4871
858
2261
1758
2662
2780
1323
2023
3730
3956
1218
4216
633
2630
42
2187
4237
882
3677
2197
65
598
4374
1849
407
1847
374
1253
180
1492
3676
2679
3465
2545
3500
4866
589
72
4117
4674
231
1550
4036
3512
1377
2702
2349
1954
2968
1255
2571
448
1678
3354
373
942
2640
1524
1992
1027
3422
1642
4559
1263
3977
2154
3353
1561
1157
4605
1039
2113
756
3437
4393
1834
1395
2701
3899
1720
3819
87
370
2531
2266
727
1394
3301
4364
1237
3137
3746
1090
763
3085
937
4090
2938
2138
4264
836
2656
3963
3971
3517
951
281
3522
368
3165
3808
1623
2249
1172
3490
16
2795
3732
2712
326
2126
59
4589
2317
3094
2028
1868
329
2568
4277
3138
2053
3884
1670
3772
1906
4377
4378
2015
1040
1092
708
2030
2711
3684
1799
1624
3297
3882
4734
2912
3194
517
3691
114
3747
3669
1533
1741
2942
2424
2870
2099
4883
4865
1009
1011
3841
1404
3141
4499
4657
2299
2927
2652
3696
1329
104
3921
193
1702
560
3429
969
3115
3055
2448
838
2491
4613
2962
4664
1686
3652
4984
2781
2071
4618
1334
2808
3073
4615
4452
3624
3632
233
3550
759
2844
1180
4357
4860
1548
995
2765
4981
4894
928
3142
221
1292
839
2571
749
2392
1015
4915
628
2836
3101
3406
4463
1821
2074
4364
1914
3631
4750
3086
2335
1350
3530
1349
1981
1168
3999
1613
159
3283
4688
1746
3958
283
849
4556
1626
1335
1649
269
3205
1171
4812
573
2570
3432
1057
450
1475
4636
4033
3579
1216
1361
2892
1962
1997
1653
823
2543
146
3645
2812
1905
396
996
714
705
3633
1649
2292
4848
4596
2502
3584
2763
1708
3213
3044
2614
3266
4794
331
1803
2208
8
1235
4766
427
3459
58
3402
2681
1022
1317
396
3019
2770
289
4393
3247
838
4913
3028
3491
4830
3004
3636
4090
2853
2537
4273
676
1885
2916
4151
2123
1960
4955
4898
4908
3563
741
2262
1786
4661
396
196
3080
3477
4231
2261
2093
2426
88
2222
4389
4316
4708
1149
187
3726
2774
2753
669
1436
4145
1564
4322
4554
1794
1950
2815
4161
3761
4745
3041
4424
727
4913
761
1237
88
1761
2612
4746
2546
2011
3487
914
3193
4808
3732
3855
3328
1328
2255
1129
687
4246
3451
4713
2460
1502
3194
2537
654
4083
1293
3368
2921
4380
3803
1412
621
1674
280
3590
1176
3471
1598
1523
4372
1084
3532
2752
2244
1324
4906
1308
400
3138
3741
4844
1282
1316
3535
149
1331
2941
4475
4321
1375
404
3045
3549
408
756
4744
2008
4600
205
1986
1481
831
4949
2110
2484
198
217
3591
1561
134
1174
4564
2434
3017
2181
126
3726
1737
3263
1555
4013
2176
4277
2438
4083
4935
1187
4247
4594
1949
1746
4272
2970
3500
605
227
3029
2742
2551
2901
893
4864
1085
3291
1166
61
1709
4747
3794
2007
3792
2927
3681
2934
3437
2498
2643
4998
2365
3532
2866
1641
1937
1510
4449
2401
4726
2709
2337
544
2883
91
4152
2855
11
3332
1704
2372
3859
505
4101
2638
2348
2220
2700
4889
2328
2085
1550
2055
3717
2225
2917
1464
1504
2011
2683
503
4243
4478
730
1921
4877
197
3314
3097
4501
4774
3705
4453
905
445
1285
1946
3450
591
2686
1260
3473
1104
3639
4882
938
4037
3204
4145
4637
2596
2840
3381
2549
1289
4124
416
2030
3553
769
3813
3431
2706
2971
924
2004
398
2527
2175
2180
548
3194
682
2604
1579
3179
282
2081
4159
3876
3884
2557
2063
973
1341
4945
3769
2081
3734
4573
3512
1917
2945
3612
1250
3452
1280
3005
1037
4317
2950
4541
2251
984
698
2105
1085
19
2033
175
1624
4696
3037
2468
867
3909
4407
2678
45
1213
1417
598
1693
297
2213
3212
3119
4853
2692
2248
3393
2405
327
4079
1091
3963
2988
4305
3474
991
2815
1594
4179
2272
4810
844
4303
3751
3847
1666
4981
685
2906
255
4841
3163
611
1341
1992
359
3730
2387
4788
1638
3199
163
3126
4364
2069
525
3344
1129
1931
2562
1981
2658
53
368
1542
4715
2661
3094
1982
3417
2984
4433
446
3830
4816
1351
2538
539
2635
3669
3611
2563
2766
2544
1347
2698
1903
4533
2462
3542
4080
4580
3072
2244
535
4810
1873
1386
4851
2203
2394
455
4931
1843
2378
2801
730
381
206
980
1847
1465
2918
2790
4354
1606
4537
1296
582
1927
2147
248
4300
2827
4010
2190
4309
3447
754
3255
2765
2541
1015
4672
168
4961
2259
4033
388
4021
792
1700
2704
423
1525
2318
1535
2349
3665
2825
3793
598
2979
370
4171
2679
2828
1581
2677
1268
1370
210
4018
867
4838
2675
4167
3595
1199
268
3739
697
2947
3119
1630
4032
4039
3673
4737
643
3293
4842
4068
4187
33
4694
1341
4993
1121
3577
1556
2898
1982
4606
4492
2609
1107
2519
3187
3749
1399
3703
2522
836
3431
4069
4003
242
369
184
270
947
1885
1782
1416
2204
72
4916
4327
3083
4102
2117
227
4681
3664
2734
4818
1652
1410
2064
1009
4791
1789
2605
4695
627
103
1918
4573
1665
1974
4505
1225
3311
1529
4039
1805
3816
3141
3512
3495
3665
2141
4103
147
2865
3590
1648
4606
3247
3046
4312
1542
4195
1044
4536
3001
4576
2238
3780
2263
4734
188
2780
480
163
2642
2408
1730
1920
3316
21
2836
4677
3058
980
222
1967
3530
4303
4821
1461
1382
1063
203
3442
2633
3253
3722
4478
2277
977
2804
760
4509
2990
3700
4130
234
1871
968
4227
2894
87
2975
970
4632
236
4411
2618
929
1581
2220
4002
28
3295
2805
873
1864
2801
465
919
2223
2374
164
491
3677
4788
2740
3460
2076
579
620
3876
3079
4448
1289
3365
2839
2470
3071
3414
4090
83
2807
715
4599
2849
742
1258
2913
963
4782
3172
4959
900
4381
2862
4643
552
719
4628
763
798
4652
3374
3688
1889
2890
763
2075
825
3397
1624
4148
2977
688
4418
2710
4957
1534
47
3212
1317
3328
1665
872
3136
806
4388
2914
2210
1140
175
3607
2306
419
316
2065
1734
2483
4782
4725
4727
2509
1792
371
92
1583
2107
1789
2870
2821
3186
3959
1424
578
1720
4473
318
1132
2762
2915
4752
4667
2255
484
3808
2563
4654
3553
100
671
191
2670
1685
1397
1936
4129
2099
4181
2527
4416
3266
3556
2369
4613
3995
3722
2196
3460
2336
4202
4444
3725
1446
253
2280
2326
3551
4321
4684
3269
2071
4932
740
2115
88
3086
2510
3997
651
4470
965
3679
676
1541
2401
2590
831
2733
4977
4509
2274
4552
4925
1081
3379
4389
4797
305
1367
4175
612
3915
3522
1512
4387
2421
1877
2595
412
2706
4377
1563
608
3007
1776
3646
4702
1544
4029
1136
57
4627
774
4082
137
4488
4069
1553
177
4513
3377
781
2500
1839
3088
1123
619
301
2523
1186
1842
2331
4668
266
4306
3011
3150
3721
4094
1979
1678
4943
3634
2330
4795
2087
2880
1905
816
2436
4278
4805
3573
4763
1015
978
2638
3221
4247
2636
4454
3058
519
2007
2196
193
3828
3616
738
626
4723
4016
987
1462
3848
4453
468
3764
1105
3879
131
1974
2634
101
501
2827
3887
2614
2128
3459
4016
425
2976
4544
539
1491
3890
3348
4201
53
554
266
4041
2929
1712
4512
1585
922
1189
1218
3019
3912
126
1438
312
3631
2612
1364
2217
3356
941
4468
4023
4508
2167
822
119
2652
3222
76
4950
763
983
1223
3708
71
926
2077
2323
2194
2662
1197
3805
4407
1138
4357
3104
3086
3872
2715
4698
2043
329
155
4731
289
1196
3429
4501
4099
2134
2155
786
1529
4785
2774
3964
4892
2145
1704
4832
4865
2497
971
111
4145
4444
559
4053
1669
2617
3611
1484
4787
4073
4772
3340
1154
3627
2363
4003
2656
2061
1130
4572
4408
565
1443
244
527
2106
3172
3892
2536
3046
4036
3940
4385
871
317
2388
4294
4889
4541
807
3024
2472
3766
4728
3161
120
4049
1755
399
1515
2067
4750
3775
255
1120
1298
2917
2763
4543
441
2676
1654
3493
4508
2205
3892
2767
2115
405
1622
3611
600
786
3903
2213
3257
2555
613
3520
3150
1899
2966
3619
4140
2151
3337
1888
4806
38
1986
3967
2398
2564
1402
1838
3098
1235
4468
3074
3264
3623
3581
4530
3412
1896
1137
174
3138
3091
2670
4049
2777
122
2476
3006
1931
4856
1193
3581
1545
258
3402
1221
862
1217
3000
3335
3975
2642
4563
3145
2009
3851
2701
1382
3981
196
242
3118
1041
4887
4006
1150
952
4367
3983
792
3126
4326
92
1258
10
98
1542
2532
1978
2499
4606
1378
497
4526
4183
2959
1793
4459
2536
707
2233
606
4661
2067
3927
1412
1687
3202
4563
1709
968
2321
1087
3108
4979
347
1896
2328
206
3165
4191
808
2980
3565
4275
3224
3003
3676
2744
146
133
1849
2927
2446
2834
1167
3518
3823
2600
4307
4555
4947
4060
2433
2676
1442
4330
1466
4492
2664
4325
3219
4406
4732
3222
11
4234
1164
3559
3848
2660
2793
1064
4018
1098
4036
2252
2236
4208
4414
367
1739
3349
916
2095
2772
359
3662
1958
2775
571
3596
2579
1324
1608
3184
2706
3511
1881
137
1551
2662
856
4112
331
3847
4029
1266
4955
584
2403
3870
2196
3865
3634
4735
1103
4908
522
3726
4371
3295
1893
4516
2620
784
2705
2084
260
3550
4849
3726
4621
1569
4140
440
2649
1828
3442
3510
1225
3864
2944
2194
3846
4364
4129
2025
3187
1739
504
2213
1021
3479
1382
3367
3546
4676
3169
2240
4629
889
3230
1584
4345
4594
4994
911
3318
868
2006
3660
4412
4520
47
3253
4769
4140
1377
688
2966
556
3794
2048
4455
4589
4566
2943
3757
1142
3067
2359
942
1983
4123
1376
4865
2472
2382
2092
2169
1132
898
2783
4882
4994
274
1250
2503
4430
845
2879
3145
1500
3606
3256
2969
4629
41
1993
2477
1112
2789
405
108
2457
374
4084
4985
3737
4385
161
4556
2379
736
2490
2927
116
2061
4153
1457
332
3465
3833
1590
470
2994
3917
331
2346
1657
695
1019
3071
2428
2220
1486
4349
4873
2155
4728
1496
572
964
4383
3229
968
1749
1612
4945
2666
360
1519
1679
2813
3865
1905
4707
189
2244
4863
705
852
4801
1888
2353
3264
362
4498
4414
4763
1363
3065
2316
3170
2803
26
691
863
1980
4847
2643
4593
348
1838
4972
3316
3141
1060
336
560
749
3586
1173
2426
2548
3029
2323
645
328
2215
2972
4026
2840
32
4294
4388
1926
607
4536
4254
4887
3390
250
1773
2370
4336
946
3543
2757
2581
259
62
4699
2221
1581
2921
2930
3629
4646
2031
1990
2930
3209
3525
1247
4431
3598
4239
3151
4692
4708
2760
2324
2169
1233
2604
4466
3579
4749
2519
2950
1988
4153
879
1558
2264
2449
3693
3571
236
1577
1230
1134
479
2038
3373
2814
1739
1423
3589
4795
656
3676
3127
1409
2937
4608
4544
2671
2324
271
748
4382
4832
1770
708
1856
3713
925
904
2923
420
3259
2980
3978
1577
1263
1053
1115
2308
4319
1645
1209
264
4421
3515
1804
3231
4739
4343
1776
4538
2674
989
4484
4006
1614
3590
3803
418
448
1004
1613
3837
589
3169
1105
3308
1314
4565
1964
183
3555
3627
1873
458
232
2893
3896
3100
2914
963
2248
747
3132
1884
260
195
2751
2578
205
580
548
3051
308
3936
664
791
483
2546
4973
3342
4214
43
4488
1315
3255
224
432
1851
1719
2088
3183
2363
2074
2881
4334
1087
3783
4805
2133
3795
2419
4766
4456
3105
607
4354
4928
863
1696
1883
1095
3113
3021
700
3422
317
1356
691
4046
3150
2964
1042
4212
1707
2481
4115
438
2680
2290
2776
3051
4071
140
3690
3555
3729
3628
831
2995
285
1413
1741
1971
2184
665
648
1815
3875
3472
258
2987
734
3698
3102
2734
1919
626
3480
1206
4275
1487
4328
1250
164
3837
1661
3049
670
4819
200
3358
1649
4359
4603
221
1694
3169
3636
1329
4336
4095
1590
4016
4583
1172
2048
3211
3379
3747
3300
2659
4338
4222
3203
121
3031
3041
2260
4743
2816
1476
3382
1206
3479
1214
3756
880
3687
991
1467
3579
669
3982
4006
1665
4262
4269
2718
1279
4641
246
1721
1501
17
4961
1414
3847
2399
4978
2139
4364
2724
1763
3206
4708
2704
4802
4937
4262
3743
1842
4504
3347
3882
2937
2802
2414
4039
1443
3003
4082
3477
3565
2818
728
206
3554
2674
2302
979
3772
1007
4368
3553
4513
4557
3553
4811
203
3303
2740
4322
1563
1803
1564
2061
2668
3976
4982
1276
3055
1198
610
3881
3222
2430
4270
4948
146
3140
4040
127
4273
3569
4160
2776
1339
4667
4295
1311
2077
2046
2158
2388
4817
2698
4436
348
750
3550
1402
912
201
829
2761
3033
4192
1967
4635
4895
2544
3845
516
4594
3425
359
2329
2420
282
1900
1523
4406
1087
1982
714
4808
4948
2533
3332
4982
1072
2149
1975
413
1110
4778
1483
2244
4012
2843
4917
3061
1731
89
2837
1684
3747
1185
4126
4671
2678
960
3783
624
3443
2951
3206
663
1975
511
1176
1759
2846
4765
1769
3416
1269
195
4098
3593
858
171
255
2627
3097
1445
2465
35
4605
886
4808
1495
3513
1516
3960
1910
2131
3675
2516
722
1794
1219
2559
1185
1792
3596
4160
3555
3478
2582
443
4697
4381
4670
1560
1346
2209
3121
3177
4043
1777
3424
1599
2226
545
4208
1599
3083
2619
4763
2018
4677
4851
4621
3902
2665
2218
754
373
38
2881
2702
2154
231
792
4505
1233
4596
3827
2323
4032
1396
4201
3913
3353
2490
1414
1459
2171
1942
548
41
3357
4509
2933
2830
583
1226
4931
2492
1004
1816
2592
3208
3422
3149
2343
190
1396
3247
2690
3392
462
4134
4101
3962
19
4315
1013
2474
3640
2563
218
1280
344
4913
2688
4528
4315
2925
774
317
1644
1436
3008
2689
1943
1220
3468
3530
4098
3464
267
2574
4351
1235
566
1774
133
702
1884
685
2437
4616
2272
1753
3552
3272
3599
894
3895
4564
2975
217
4412
1538
2619
2994
2369
241
1536
572
467
4396
2698
1553
1987
4475
917
4057
1165
540
2532
4500
608
4814
863
4316
188
72
2415
2382
2615
578
2204
862
538
2480
2294
2181
2950
1823
4550
2603
1403
3338
601
4527
3701
2891
2003
321
4164
2488
3639
3643
2568
1296
351
2671
918
4517
478
1832
1838
1972
4107
1520
100
1232
2913
3398
2122
74
3948
2679
4086
2917
1354
4011
4962
1037
1705
3794
2788
1078
3262
2771
3434
4910
4893
87
4670
2516
3720
2160
1545
3984
3101
618
3286
3388
4280
4048
3616
2719
3510
2610
4074
974
3442
4425
1880
3233
741
3383
4420
793
4751
4094
3382
2818
4160
1880
4586
4165
2802
4124
64
3458
613
3557
9
3000
2575
676
3867
1270
4749
3453
1449
667
3495
2345
563
1559
696
1004
4517
561
1537
722
4243
2528
1286
1317
4
266
3301
4758
1533
4480
3723
2279
1733
4722
2637
3900
1507
4663
2827
907
4740
4257
584
3768
61
3640
3756
268
856
2207
2547
1294
541
2394
4074
1910
4119
4425
2973
1334
1568
751
3705
273
703
1650
4414
4205
3791
1090
4601
4968
2757
4376
2402
1044
279
1248
3113
4806
1598
3484
1688
3484
3314
2740
2468
1717
1840
2835
3378
856
3972
1041
2463
4300
2898
4091
3208
764
2786
2717
4691
4888
2642
1333
3493
617
1319
1114
3242
1304
2496
2713
648
4583
1848
3236
3056
3869
549
4997
1061
4970
1057
3710
3745
438
2643
1422
3048
2580
2964
4927
2050
767
2106
3088
527
2349
4463
4071
647
1356
2489
2278
1429
137
3943
1222
3633
1148
1110
2268
2178
3623
4709
1539
2294
431
2181
2753
4276
2854
3860
1385
3841
519
4603
2518
438
2073
310
344
3998
2321
3066
4883
562
3737
336
4757
1318
1553
4999
3682
385
2245
2483
1873
4363
2954
3409
3615
3370
87
3737
2781
3355
490
4120
1855
2061
3201
2106
2468
1892
4061
3603
3027
4421
25
3564
3916
236
2540
1658
4386
578
950
3379
2356
82
831
798
1106
903
2102
1154
4011
4958
1190
4251
3102
1170
2218
352
1152
3287
1503
2836
3714
1916
304
2301
4788
3578
4236
1467
1410
1034
4148
433
948
805
2050
3842
1890
3578
1016
10
3057
1855
4297
1363
671
4990
3781
1478
4848
3958
107
1189
3730
4046
1335
865
895
515
1646
4832
2473
2224
3301
3510
1930
4658
4116
4027
234
3794
480
4161
3047
611
2635
177
3161
4844
661
1915
4538
1092
820
920
3215
3235
1463
1876
2616
1338
3017
725
1111
1031
963
2786
2560
2310
1590
2868
2849
4152
3403
4974
4895
2876
1013
671
1489
3150
245
3294
592
4059
2682
2987
1374
262
2420
3343
1549
980
3000
900
776
3524
431
3622
2096
3012
3405
1509
3230
1535
3117
2251
3680
178
4711
774
1658
251
3150
3511
4639
3476
3911
1929
2732
452
3296
3261
799
1460
4645
1822
4606
4783
1739
465
3671
4245
816
1070
3976
227
571
2870
2731
4088
3343
732
2748
4901
1189
4056
3449
2388
2427
620
3407
2207
3235
416
3159
3572
649
570
819
4611
1542
1091
4336
73
2012
1889
923
2114
162
1715
2833
1082
4696
3638
1284
4346
3397
4147
2134
2278
3974
1814
4236
3593
2655
3611
3076
2415
4542
236
259
1531
459
4859
3931
1113
1540
351
2184
2924
1359
4452
3682
897
4849
2316
1782
1609
1524
860
4953
2942
772
3014
384
4932
2947
4988
4342
2291
4697
3236
4742
500
2794
1627
3843
2950
3299
1996
4261
4514
271
4099
717
341
3771
1345
4098
3872
539
3667
2783
4034
4886
1895
4332
4829
2551
4959
3975
1305
3599
3664
4611
2769
1141
1806
3814
2491
2361
2622
2134
1365
4673
4856
326
1568
2695
4352
3483
3410
2309
971
336
4797
4568
1680
2225
378
4032
1647
1780
1682
1494
3184
3119
2663
4191
1867
3856
1673
3591
1210
118
424
1835
3339
1018
3425
4851
1577
2949
3385
4575
3075
223
2670
66
1038
219
1109
4113
3587
4974
1617
2408
3780
824
1817
894
4069
151
1930
137
151
1728
857
932
2974
4566
3529
766
358
4179
4065
594
519
1830
3459
3624
3166
2077
3890
672
3788
3335
578
2547
552
1186
2515
3773
809
2542
2152
4765
3841
120
4598
544
4926
2851
3499
3592
2719
1411
3420
3391
4011
3735
1448
1839
3410
3592
2417
4567
479
1378
3468
914
2133
2607
592
4903
4385
58
3100
4846
3164
1628
3651
4515
2712
2584
3848
3790
1595
3884
2542
1253
754
1971
2633
729
3305
3867
4910
3459
285
4775
4841
2053
2003
4732
2776
2592
3548
3250
4085
2136
3513
1909
650
3905
2892
63
1984
3070
3972
3090
4831
1367
809
701
4229
1440
4244
3095
3273
4059
1674
658
1932
3058
975
469
1716
3300
3174
388
1050
751
4789
990
2454
1997
1333
3795
417
2433
3731
4361
4249
1602
4966
4189
579
1598
4622
4894
418
2090
2072
339
1051
1241
3128
4105
3425
1078
1845
2568
2812
4793
3020
3820
2019
3749
383
3758
470
3432
2720
254
1119
384
2078
2427
4016
4201
4362
2068
4894
3481
4623
4387
61
3022
1004
347
968
1165
4906
1473
3964
2261
3257
4172
2396
2312
146
305
4749
4283
3896
1742
2444
1084
2524
4503
1573
4737
3014
2037
4169
1411
1160
4487
3873
1496
3556
2212
191
4946
3587
4076
4063
4452
1372
417
662
946
4862
2782
3161
2509
3195
2781
4789
4505
1033
700
2242
3563
1011
4488
4965
948
4563
32
3025
943
3044
144
3423
4318
3826
4954
1301
2530
1330
4226
1658
3266
3862
4852
262
2975
1994
3787
630
3854
797
3392
4205
4624
3646
659
984
406
1373
4561
1430
4832
4350
718
4271
1852
919
385
3245
4875
2817
4261
3030
503
2787
4378
4865
2570
1966
3758
95
4651
1578
1756
3586
360
4895
4692
1415
261
1082
2469
3023
547
3938
1799
69
732
2617
1013
1665
482
4273
1315
2232
2718
2759
3928
2863
3127
1015
1480
2291
1384
2490
2629
3298
2227
2337
4049
987
1082
2104
3202
989
3413
811
3392
4924
2241
3021
3906
4461
3794
4397
1512
3169
3180
2290
245
3272
4595
3810
4990
1331
1093
1690
68
1683
3981
3531
3658
2087
2666
1674
631
922
4902
992
4345
4540
3081
4928
4207
3763
4567
3756
4179
1774
4706
1606
2761
1410
972
4020
551
140
4480
2757
2643
2184
3875
1340
3971
844
373
2444
4280
4596
3799
3806
4628
3828
1202
308
2497
1552
3929
647
2608
1517
4022
3171
1201
4795
508
4913
1112
758
831
4254
3922
1553
4108
1039
385
4417
3868
3926
2924
2625
1539
474
1394
878
4160
3451
2898
1667
940
4492
4802
1105
4053
4559
737
1579
3835
3067
4151
1744
1745
760
4407
4795
2590
445
4535
2744
2941
4175
1404
151
2496
3992
390
3898
3266
2045
1985
1473
3018
954
2519
440
4594
792
1331
783
2017
4234
2778
1223
1367
3230
1958
2674
1990
797
2010
3696
2733
3365
3093
1363
1973
4420
766
3713
95
4740
3604
1379
3933
2290
1602
1821
1346
1456
2642
3628
519
1160
3455
270
60
785
4719
1149
4508
543
1567
964
4363
3436
1525
900
2381
2716
194
