2807
1197
1841
2944
586
562
2477
522
3313
4745
788
19
311
3441
2477
3909
4463
1162
1161
3734
1000
2422
1592
21
3880
4804
36
928
4442
3572
3951
895
754
1304
3889
2223
535
3779
3875
4013
940
1975
105
3467
3498
3086
2484
1280
325
1630
2028
248
1767
4269
282
3191
3188
1707
1507
1553
506
4103
3886
1427
4763
1334
900
4721
3644
4987
2066
1095
2625
3350
4759
2919
1650
1431
1436
855
2444
1942
598
1255
3961
1864
1471
1717
816
4578
494
4423
334
2950
358
191
267
2414
1382
3035
4845
2404
3158
4824
862
2284
4087
2070
4303
3847
1458
4980
2181
1581
732
642
2899
4039
408
2010
1279
2205
1863
3546
4982
4662
3950
3870
3044
2163
3870
3398
4483
955
2129
1884
3286
2278
4866
3719
4626
1585
2269
3395
4554
2677
812
3221
3041
4552
4281
3269
1553
314
4742
1984
2145
2232
902
836
2613
4472
4798
1737
2134
447
3492
3543
4466
4343
1
4512
4542
3660
4025
4997
286
545
4725
775
144
1661
1054
1814
2146
179
1134
358
3851
1053
646
3747
3296
3409
3944
2942
4036
2547
2848
3033
3215
2925
1480
3356
4996
118
1583
4163
608
1673
193
2342
3715
1503
4998
2217
3321
4373
4927
1502
2850
4839
2446
4320
4899
1906
1817
3135
4194
2519
2163
2932
1404
3632
2397
2800
1290
4637
1270
4235
4850
1920
2227
3903
2628
1680
2241
2538
3516
762
2896
847
2581
2253
104
2375
3659
4523
4896
3088
3036
1507
1668
1508
2727
4177
4243
3600
2759
1295
177
4427
1240
4484
3877
2772
4221
2742
3163
3704
1564
1052
717
1651
3141
2655
2434
3531
2109
2050
1992
2165
3954
368
4450
1612
3400
3958
4562
1962
4052
3303
2034
1027
1642
2193
1997
2181
3311
533
3188
2511
2245
3617
2066
2211
1392
2033
4426
1468
3464
3183
1546
252
2142
2040
606
2417
2420
3400
4441
2474
4900
814
3656
2872
10
1504
1185
4928
3530
2596
1464
2041
3284
3700
807
3437
2015
3633
1087
3276
1814
1970
4275
305
3750
1096
3447
3228
553
960
2226
2326
4655
4642
1893
2494
3626
4853
2968
4039
977
2261
722
2812
3669
3019
3907
3938
2579
788
1974
4212
771
154
1409
2931
1572
76
3707
854
3275
146
3246
2062
2261
10
3133
4918
2424
4223
1073
2969
1559
603
2396
4984
3553
4376
3544
4824
1676
3504
1782
4723
4971
3862
4693
3577
2741
3114
1291
2036
65
3629
2154
1027
2512
3730
4151
809
834
3703
3937
3595
2514
996
1450
79
1233
104
538
4686
4154
2126
1762
3768
2648
1396
4534
4061
989
2070
2660
284
3200
4587
4628
1308
3123
2706
553
2910
4351
2636
1085
4862
3678
1879
2900
1829
399
3889
4613
2417
3806
4971
1830
3591
1992
1218
705
12
1879
614
1976
2500
4592
4572
501
1802
463
1312
1425
4948
2776
1543
1369
2631
3356
2325
4118
2591
4648
2047
4083
4973
276
4400
2633
1424
1094
980
367
4309
810
636
1599
2116
1884
1137
83
4072
1781
4748
4789
2676
3899
854
4517
3208
2773
2520
3062
2820
75
1920
1489
756
4096
4695
3279
1628
1699
4012
4283
3461
181
4160
1935
1840
1243
683
3294
3840
2570
668
2961
1614
54
3300
475
1874
2881
362
309
38
4909
2302
2028
3155
324
1806
667
2646
4623
874
4070
2052
1077
4097
4441
4810
1648
3526
1871
1441
1933
3556
1391
2287
161
2133
1880
664
3217
3368
3341
3678
1242
4999
4599
4275
194
1088
1370
1727
1154
2362
2834
4039
3073
1760
741
2636
1481
4875
3206
1231
3529
3153
3936
1916
2899
105
878
2603
803
2019
4062
1146
3185
82
4351
2803
1422
185
2213
2517
1051
2348
3375
2951
4184
3226
3768
104
4069
4367
287
3910
3760
3041
1892
3278
1350
3375
1635
10
3265
485
3179
2917
3668
705
92
3970
4242
4140
1835
4709
3617
1598
1782
1888
1889
1170
1078
3298
3207
1770
28
2081
3028
1919
441
1601
1283
851
2436
4831
328
2124
848
345
3171
4358
4389
4557
2293
806
1211
3145
2574
3695
97
1420
871
1413
2380
3983
481
3096
4626
2424
4164
810
4007
582
282
3259
36
2257
4674
2840
338
4070
3206
2701
4374
3945
2913
4961
761
2502
1720
3113
4617
751
695
1166
2237
4617
3366
4844
3912
682
1478
3872
3751
3455
108
1737
3736
446
3607
959
2780
2865
2097
2654
659
4992
275
2186
1854
3230
1681
931
3149
800
659
1998
667
86
3139
100
237
4981
1067
1896
1977
2046
886
3721
241
217
4347
2016
17
2366
4673
1236
2413
1213
3260
2131
1331
3856
2542
386
3219
4745
309
471
1267
3849
4435
3320
200
1955
4249
4057
2614
3651
1031
3467
3976
733
4016
3185
1059
2140
1724
2823
1785
3445
3760
1867
2212
3428
1753
152
427
4420
4285
4933
715
3363
3137
3361
1784
1402
2757
384
4871
168
3564
3899
498
4566
2851
3565
1382
896
223
1445
917
566
4562
1141
539
4221
671
2835
3325
175
4011
1226
2590
2954
1211
1215
4424
4187
4381
2055
4129
3479
2442
4082
3026
2827
1395
174
915
437
1991
90
2976
4380
2608
1092
1677
3191
1950
3125
3435
288
3796
236
4801
3430
4669
4661
3166
4133
1808
784
335
4420
2200
933
3565
3907
3501
2969
1689
747
4828
771
4504
1724
1898
2730
4805
403
740
956
251
1631
1994
1661
4914
1276
2495
529
833
2510
778
2074
335
2237
1084
2606
3484
250
3783
1319
2053
2605
1079
4042
4281
3523
689
545
1587
2398
342
4183
3137
1614
4035
4139
4845
4362
2707
2568
3108
4847
4931
4934
2934
850
1830
3419
3248
2480
675
588
2580
1885
4316
1697
3425
1543
3346
3348
3595
4576
4288
3031
1276
2486
1413
356
265
825
4987
4241
2809
834
2325
4045
2336
3020
1518
3002
1513
3389
1413
2
3955
2119
1064
242
992
2511
4375
1025
1912
4363
1439
3042
2911
4206
2487
3133
135
1494
4471
2464
3581
414
577
806
1385
460
3083
337
3761
3584
1311
2571
1105
315
1856
1551
1030
178
4300
3538
1131
3476
2109
1975
905
865
1930
4122
333
1333
3586
1642
674
402
611
383
1815
2734
4166
2886
4154
2595
358
2678
2951
1677
4018
2299
801
2226
1604
2432
4786
691
626
3218
121
4962
3383
3700
727
912
3106
4117
3850
4545
3092
282
429
3626
1764
3421
1796
1897
1185
2001
1618
1484
2728
1387
1041
4037
4351
1261
581
214
213
4106
4324
2436
1701
3511
2796
3345
761
4052
4021
4470
1557
226
2620
4819
4753
2687
833
1202
2908
3335
2138
288
1915
1689
2010
1380
3195
2574
1592
2427
4834
2973
566
1551
3821
4213
1147
354
1097
3967
2347
451
1671
755
1878
1409
4728
4225
4811
321
4271
1403
2926
1264
132
4896
764
1243
3220
4612
940
3507
2583
2519
3020
3473
560
1346
3696
4126
3761
1746
2385
2531
4109
4980
3547
4422
4874
3113
4036
498
3820
4480
2848
3117
1377
4397
4639
2693
2551
2293
1284
1090
4351
4207
3036
3721
911
4844
717
3729
2904
1552
3070
4056
614
1438
4487
2328
3450
70
2819
2648
2956
4627
2351
27
2190
1978
4344
3602
109
3234
2751
1925
2019
3984
4498
4549
3509
3663
1619
2172
2242
1498
3003
1405
3514
834
2212
3462
4500
415
1332
1210
1370
4438
4646
3241
2339
1004
1429
3603
3915
2136
2351
3974
2391
4808
3889
1779
1743
3212
3806
1465
1637
2818
1313
4060
3693
1337
2481
1815
2438
995
1268
1053
4206
2234
2137
2635
4297
1140
723
2796
3615
2076
3692
1048
681
3971
1103
381
488
1269
2288
3119
168
1448
859
1101
3232
4364
3769
2831
567
4664
4626
2132
28
3690
2896
3997
3265
633
1412
3950
1970
4137
2797
4372
4176
2363
2092
3378
768
2217
4967
1909
3646
2139
1071
2389
4118
4231
2960
2417
4568
3325
4002
1198
935
2965
3630
343
2703
110
311
700
1568
4313
4894
68
3144
674
1028
183
1776
4453
56
4070
1340
358
3289
1546
2722
3057
4449
4086
422
2598
2477
4338
3820
1158
2426
3131
4207
3740
4904
1374
1036
1036
2469
2108
3310
1254
4229
4226
2668
905
3795
4927
2966
4097
1148
3017
830
879
3794
2660
3489
3909
1634
1547
4106
3695
3990
3005
117
2540
3075
4991
4159
4864
2669
4466
4944
3322
2561
3863
4263
2958
4174
251
1290
1720
1855
1594
4416
2520
2586
1463
2713
3571
3674
2393
2352
4461
2322
4133
1814
4119
3794
2580
445
2926
424
2166
3673
717
2435
2065
709
3717
3973
4831
4089
2731
2828
2053
502
1303
4077
3342
1744
12
1046
878
3891
4721
4632
552
837
2617
1843
3790
145
1957
2814
2799
1476
185
1967
1713
4387
2561
2258
3314
4960
636
3022
4046
2406
2306
1967
3117
4557
4972
2833
268
1054
783
443
3355
2375
2542
1483
4710
2174
3749
4994
3465
1940
4183
1497
1146
3436
3016
1515
1932
2581
3139
250
4184
614
3123
3293
4455
2705
2458
2067
3433
3773
4744
2753
1525
1672
4295
521
2013
1932
1415
2614
3301
3096
3359
1093
4162
3912
4239
242
1380
3765
4957
1769
182
4622
4873
3744
254
1801
1235
4737
3261
1275
3559
4535
3756
2497
35
817
1188
4788
2934
3613
4712
3287
2811
1279
3868
1165
2686
3801
1768
3361
4436
3636
1841
1153
1727
2592
2715
3034
487
2779
2515
1967
2561
3024
936
3813
1450
4938
3755
2432
1124
2344
922
807
1574
3639
819
1215
1001
2152
749
1519
4100
4206
3901
201
2194
719
1087
4152
4234
166
431
1367
4751
1036
3227
3197
2193
1253
3332
1043
4608
2285
991
2832
2551
442
195
3828
2009
4156
2586
1057
1601
3323
2995
4339
4801
617
2019
2510
821
4474
2816
3815
1297
2675
1829
2749
3067
2131
1883
3259
4317
3566
2995
1436
2194
1275
3674
2002
1276
2878
1533
3103
637
2186
1809
3663
1835
1795
2206
1093
3710
4952
4978
4774
2891
1517
421
1088
3369
4874
2196
4897
3758
2074
4449
3593
1422
1843
1497
2755
485
2591
805
1546
4283
36
4809
2015
4493
4294
1429
2153
4829
3137
4944
3914
1010
3392
3464
3984
3543
2363
1310
136
1126
1721
3856
1252
1284
4147
2138
2254
3188
3428
1062
4633
2152
4919
3499
3406
4726
396
2347
776
3619
2711
3760
4395
1819
327
3971
1701
781
24
2538
370
2305
2753
1112
3074
1348
358
2591
645
4272
2604
2363
1756
784
3585
494
593
4786
43
2737
1160
4470
2893
3624
1882
4568
4996
2544
4515
4735
20
2158
3002
2610
1228
3705
1306
1535
4400
4129
175
1860
2108
1095
3121
1608
1221
1967
2564
1393
4178
1767
631
1747
2839
3617
2827
780
2757
3113
863
3012
2581
4392
2315
4965
1017
4044
3069
2298
863
4318
3691
4781
3999
225
3635
1337
4925
2025
4854
503
3309
3184
1124
231
2116
4072
3296
4157
4399
1596
2956
4172
3228
926
4551
4449
4248
4931
1520
3545
3399
2824
2553
4666
4336
2724
3278
4842
3736
2369
4596
4222
1275
2376
1205
1629
2248
55
4266
4459
1536
3707
2128
1266
2369
4773
1381
136
4077
1029
1638
3834
4446
1409
4716
4198
3048
3981
251
913
780
4451
4633
1941
1038
2356
4146
706
494
4123
3149
20
2565
581
4138
4570
4619
4519
1464
2470
1316
2157
2085
1397
803
4256
1870
1155
2695
1450
4427
344
2336
4596
3416
3646
2345
2077
4068
3220
2218
3659
2045
4214
428
846
4632
4809
1060
4499
390
3235
1174
3355
1004
3795
35
3471
2725
4046
3594
2075
2458
4190
4199
3430
4032
4472
3391
3872
3530
2090
3642
1092
1598
4723
3749
789
3379
3380
4041
3274
4898
1578
419
4767
3391
2123
541
3345
2550
4131
359
1111
1199
1238
1224
3655
775
4248
307
1113
83
3632
3575
3858
3979
2141
3888
11
4788
2739
3636
3918
1070
3615
4111
2852
3142
3991
1043
3407
1887
221
679
1044
1503
412
1754
4536
501
2345
4652
2689
1965
1711
3704
1515
4479
1756
4308
1847
1
298
4960
4238
135
4225
1978
585
3394
2498
3900
4215
2413
2194
821
3725
990
2627
65
4085
1139
4024
422
4824
3316
2998
4299
648
2843
2127
477
3123
1794
360
3920
2336
4267
2503
251
3880
831
3913
3863
4173
1608
4628
945
2594
3398
4282
1409
686
4842
4633
456
2536
3861
1180
473
2758
1721
4999
1210
3123
4685
2448
1257
1911
3635
2269
2379
4597
905
1107
2368
4343
4506
3631
2682
4042
3462
1596
3157
4660
3174
294
2205
3980
1177
2841
4425
702
993
3122
1605
3583
785
1625
3087
4059
2446
1993
4713
1501
1410
2318
1729
2060
3829
4200
2258
1635
3944
3496
3044
3822
3805
510
4196
93
4615
4303
2678
1195
3349
4085
4425
335
2095
275
4162
2204
1295
1264
728
4069
2575
2015
3805
4184
4370
2593
2951
1781
1185
2692
4905
3734
3529
829
1769
1524
907
4997
3749
1435
750
3967
1653
2067
2109
878
4710
1937
479
1574
782
3884
4662
3813
1817
4248
1166
1625
155
3781
1519
4409
3303
4180
3883
1833
1044
926
1320
3322
2973
3520
4215
2095
4604
3856
2195
2876
2453
229
3542
2594
763
3692
2623
2088
1518
3988
4613
1615
563
2956
2698
561
3984
219
4830
47
661
3174
4524
2603
2539
2157
155
3512
672
4835
3317
782
107
3109
2803
354
336
2489
3734
2784
1557
536
2675
1121
4703
2581
2464
4961
3498
2842
4649
2138
3233
3372
2661
4774
3991
1463
3989
2784
2073
1783
1287
659
1727
3408
393
1334
3111
1769
3013
4982
575
4566
2427
4302
3297
194
195
512
4588
575
769
2033
4578
3709
1893
891
4439
702
412
3857
1390
4198
4996
1438
2319
2889
1913
4011
2724
1753
3517
1185
373
4783
1273
4587
2535
3919
1877
3964
529
651
1789
1363
300
2084
379
2072
1736
4925
4961
2725
3639
305
985
666
4808
3719
2122
522
3738
3566
893
2031
2638
1000
111
4821
292
2839
3311
3829
614
1480
4723
697
3235
2544
2345
4545
225
3715
1271
4408
3262
222
4402
4994
1354
1871
3805
936
2503
3946
4985
4401
4866
1256
3913
378
2161
2588
576
4993
2178
4431
4627
4672
113
1643
4139
2858
521
2646
3199
2599
2092
2440
4596
1184
4365
591
732
2873
1068
960
3417
1721
2445
2962
446
2039
2878
3114
4363
256
2702
2497
467
1343
1236
133
1048
3969
2029
136
806
1428
4514
1199
1963
4835
2061
515
1528
1049
1707
2808
1605
2334
2120
1152
4434
3007
2603
564
700
3633
979
1575
2024
2480
1579
4252
3955
3163
2791
1008
475
3061
3839
4720
3388
4722
4707
3318
1890
3928
1919
4797
3711
1864
1354
882
738
4699
2810
4952
4856
3615
4276
588
2472
253
4013
1507
4873
2392
1695
2659
3139
1536
82
4779
378
2164
789
1045
2360
4217
1308
3188
2520
3767
3588
382
2770
4824
1946
181
298
3112
4334
965
835
4088
607
1833
902
3024
4241
2148
4322
1500
425
2049
1082
3352
435
1852
1520
4030
1148
4829
2925
4036
353
221
1193
409
1557
4725
3236
3723
291
4650
723
2156
2217
2778
4933
953
1927
4501
1877
3428
3118
4999
4021
1519
799
3229
1973
1572
976
2374
2251
3762
845
1541
3811
1566
1594
437
4060
2456
1053
700
2551
2508
4553
1379
4994
292
3282
1124
97
3012
1794
2761
2029
3674
2194
3672
138
2821
948
2449
401
2176
2939
3032
3577
316
3874
4901
536
2467
1419
1409
1071
1960
3219
1825
229
3727
4371
2938
3423
2279
2865
1900
4782
2769
4238
3690
79
855
3735
4499
3325
3762
3239
2021
3094
3823
4723
1970
530
116
3723
1062
630
4031
2794
1909
3735
843
505
921
3566
1571
4088
497
4662
4103
1292
3098
2945
953
4641
4616
987
4338
1567
1051
2129
867
2070
3092
3731
61
1568
1870
3742
396
2628
3683
1489
656
4187
4075
2876
2818
1156
242
660
4078
102
3730
3955
4839
4591
1300
3779
4470
4987
4365
2283
2959
3675
4656
3297
3009
2464
68
4749
251
4415
1042
165
2729
80
3847
2976
4190
1405
4587
1440
4707
2546
1835
4030
3283
2559
3205
2168
2327
987
1439
2094
4488
122
4318
3052
887
4610
2204
4741
1149
1073
147
4080
1055
4874
710
2920
2597
2916
195
660
1858
3645
4846
508
4135
4717
332
4509
695
2778
2830
1791
3593
805
3489
1536
2069
2242
410
327
4563
4910
1652
3288
2384
3160
579
2073
3136
4228
2840
1977
3973
1051
2689
754
4453
1419
4384
329
2402
157
2494
4550
3154
3408
2073
1868
1276
2698
4496
1830
2258
2431
4428
4611
4057
3087
3177
2794
2982
3280
1373
2970
3608
3635
3013
58
1728
2439
1521
844
4771
3750
149
927
4530
4763
1237
741
2858
1247
4987
3395
1979
3415
3576
3847
2133
3504
2690
3173
1063
4239
2548
3886
175
3540
2559
2737
4848
98
4289
3362
1477
2168
4680
2085
4344
2701
356
3652
3817
3845
3939
4535
898
3004
3672
1988
4692
2751
1442
4550
2991
4606
4762
900
2673
380
4145
4245
3602
3358
1366
3514
4126
4972
2315
4407
1562
1956
1505
2210
1085
855
53
1356
739
4854
2516
3131
1789
4859
1784
1088
4636
4746
4134
3440
1231
1761
1677
4703
3562
4023
431
172
3062
4114
4664
4772
555
954
3189
3399
1644
2606
4960
1455
1978
465
4705
2601
3515
3236
1501
2987
1762
967
3788
