1344
2746
1624
1167
1081
3839
2880
3408
3487
1210
208
1972
721
3509
2127
1827
850
1757
2528
2855
590
3601
3026
4659
781
4657
1494
1763
2067
4334
1139
534
4651
271
205
868
498
947
4213
1432
3058
4056
2043
1884
4978
3638
467
188
2168
3960
2304
1783
3996
4265
2059
3621
1464
2405
2570
972
4848
3197
31
1006
2750
4131
2124
239
3729
2203
2864
2298
1900
3061
3669
2579
4444
513
610
3400
1494
3438
521
2331
4864
95
4278
1294
997
4402
1685
2140
3317
818
3621
3121
1569
687
269
743
3264
4833
3031
3860
4465
3104
939
2085
3065
4093
3572
4251
3727
781
4388
1944
3783
1277
2835
1985
1295
1391
3539
3106
1760
3142
1891
1139
2591
4822
1894
1174
4988
4690
4264
4371
4857
2162
3422
433
3460
3374
4332
4699
3916
2813
1479
3474
2242
3690
4295
1863
1824
4754
2941
1122
896
1446
3417
345
3957
37
2809
467
464
1117
385
134
4464
2620
2522
4210
598
2863
436
699
4621
265
629
3910
1629
1244
272
2659
2139
4157
2425
3948
4712
2115
1581
4467
2898
1231
3295
2767
4271
248
1939
2827
3847
2177
2215
4741
3097
3595
2371
2433
1259
1737
2123
3960
76
4059
945
2656
311
2359
658
74
317
3859
3357
3426
4030
2873
4943
374
4197
4207
3513
1015
747
354
4932
1043
2926
2982
4212
731
3946
3683
1677
3202
3807
2005
4130
3526
3515
3703
3422
602
1308
3440
2376
3776
3695
2787
3421
4619
1163
3979
3426
2867
743
2968
1305
2523
123
4183
3409
2156
401
3829
823
2791
1048
4109
3739
2536
2627
2421
2955
3168
3412
1143
2615
2981
2417
2853
1148
661
1284
2046
2575
333
2502
4953
2665
4504
3097
1211
106
3813
3576
2538
3306
145
2400
4889
245
4893
1680
372
4024
4752
371
2073
2546
2475
1227
1110
1769
3771
439
3885
1742
4941
4051
2484
688
2859
1411
4810
4099
692
2681
4705
3928
1408
2775
2655
1615
4337
456
1934
3192
4076
2866
1517
4302
2769
2856
2254
1838
4495
3635
1178
2137
486
3500
1378
3856
3625
172
784
1606
1930
3650
479
4968
3514
3383
4912
4883
4547
2970
2403
2072
4543
3777
307
88
484
2880
1141
1773
1078
1413
3484
403
3053
2169
2702
3739
3383
2492
3935
3642
1747
4109
2097
3783
1455
2050
3023
2858
1856
512
4605
2781
3913
164
4926
3920
1415
2995
1415
4775
443
3190
4421
4791
2089
4699
1540
3266
4629
2075
373
164
2225
4179
506
213
2425
3902
1536
3837
3188
2102
3829
4559
2920
261
3588
956
869
20
1156
1655
3861
3606
4653
3565
2842
813
1593
3682
2965
1392
4929
1212
3794
490
946
1207
4966
1272
3695
3940
1953
4214
4624
1444
2203
2657
50
4075
3844
3144
4367
3948
3555
4001
173
4564
4678
2439
2311
3595
451
1135
3255
1963
4379
1131
2745
2432
1603
2331
4446
1296
2322
4642
1000
3613
4885
3078
2689
3111
4129
3393
461
2740
4970
408
2009
4596
3976
264
1905
1698
1670
4630
4522
2033
4282
1395
4351
3589
4154
1801
183
2412
2272
3720
2190
4323
4751
4559
949
3866
3653
1124
3108
4114
2223
1396
4839
3728
283
3575
4546
1774
1504
4520
1004
1080
1843
4525
1573
1793
4020
3713
795
52
898
4923
1163
4477
1884
2449
56
2311
3199
4772
875
3441
3571
628
3980
2862
3764
3931
2386
391
737
3561
4624
4418
78
2546
1290
1285
4384
4753
4988
3178
1912
1564
1841
3123
3871
1767
2785
3420
1284
3189
3557
2548
3085
1599
3428
127
2892
4377
2804
3568
4770
2778
1400
3927
206
2468
1405
2254
1184
595
3418
2378
529
3764
1271
1850
73
3736
1226
2938
4679
2323
4880
4995
4739
3732
2232
3611
687
3459
32
1895
1734
4682
3910
1467
857
1632
3929
936
1763
59
1745
1135
4157
1492
3811
148
1150
3489
4979
1069
4651
1069
2922
2278
1274
4698
4439
3616
509
4341
4567
4230
3492
3428
2906
3684
2815
2413
2914
3064
1800
335
3942
3027
3894
2535
1111
4943
2728
1824
694
4949
4870
334
1730
2006
2650
1951
1090
4275
968
3463
928
1521
4864
1672
1297
4503
3238
1056
4019
893
448
3743
1055
442
4220
963
3164
538
3731
3375
4194
4931
3497
1782
3164
3156
3574
2810
2758
1618
4390
2308
1145
1602
4442
4607
3731
682
2105
2538
4567
3263
2095
2517
631
1418
1358
3889
3458
2506
2643
1364
2534
1048
1690
232
1014
1337
357
438
1326
1273
409
3233
1888
4651
1346
2026
372
3380
4712
2987
4481
408
2803
4394
1512
3864
464
2629
2659
515
570
4340
3637
2806
2361
2591
4399
4926
1297
2733
1624
4563
1962
1692
3646
2688
979
1468
4494
512
2135
253
1399
1375
1030
619
2168
809
3762
1035
2245
4571
4310
3408
2627
3646
2901
4351
2564
1098
3736
3293
3383
2539
2230
4759
2762
4055
1941
1385
4804
382
436
1186
4129
2542
1575
4306
4007
4539
1207
4437
4026
4716
4470
1417
737
4805
4686
1632
1338
234
3123
915
1348
4595
1379
867
2241
2023
2161
3907
2095
2167
303
3407
1659
530
1389
4285
2076
3568
4135
4460
4272
2138
1294
433
2484
635
4089
307
3816
1726
1067
1906
1304
4301
2297
2386
3403
4105
1343
2219
1573
3752
4984
2645
4868
2862
1204
1762
2961
476
3850
2833
4557
513
2011
2469
1335
4
4155
1874
1811
39
2582
4342
4821
3977
471
24
3090
3785
3704
1179
4389
270
2653
3200
3877
2640
1417
1585
4285
2756
4867
938
1271
1078
4602
207
2695
181
1498
4301
2038
1344
1937
715
3569
4315
2912
2817
4599
4230
3650
3653
4588
2282
4251
3303
3489
2748
1359
1218
2556
2430
3315
4084
1232
734
4568
1936
747
3564
248
388
1049
4838
534
4900
2215
854
4278
2294
4361
185
3230
3263
573
2836
4234
202
1402
3505
2336
2833
4985
498
641
4536
3607
77
2840
1989
3913
4505
2512
3966
4657
4936
891
3915
3039
4057
4915
4027
2892
693
2355
2647
4792
163
4012
4065
1803
1982
1786
3161
4415
2958
777
621
2562
1841
94
207
936
4614
47
2717
2525
1790
796
2907
41
3967
3637
84
1211
642
1980
3017
4289
2466
4337
669
523
3079
2057
1675
4136
3065
835
3686
2623
1501
2603
4145
3071
1390
945
3189
665
3678
24
3973
2604
3595
4827
3629
3323
2615
1574
3440
361
87
1216
3153
2521
1248
2833
4549
3223
894
4066
4306
3186
114
2632
2700
2190
821
2260
1216
1985
4899
3683
3181
2174
30
1946
2605
449
1084
1763
3798
3738
573
3104
1095
4940
4411
3853
4298
2963
2217
872
3571
4873
1677
4904
841
195
2652
1010
651
602
1041
2773
4918
1661
4521
2652
4979
3985
4466
571
3001
831
2398
1896
629
2336
848
2207
2692
3493
3858
1473
4234
2131
4177
4423
4834
3916
2984
4322
985
3550
1360
1140
4411
559
1951
3859
3445
4464
3031
1844
4518
3674
4652
476
4935
1983
3133
3088
3693
2321
2807
4502
1296
475
4127
1249
2326
908
1430
3243
3096
1178
4392
2453
1940
1095
4327
3660
301
1977
4446
2185
4974
3283
2039
2074
2737
104
2928
776
1728
3415
4735
377
3868
4444
4921
2777
4977
4702
1958
4693
2801
832
1433
2112
3292
2132
4211
309
693
1873
3827
1211
4171
2048
707
3172
1063
4252
4119
2260
4270
1684
4502
56
2814
3528
680
1421
942
4155
1767
2702
3107
2783
967
4533
3124
580
3484
3548
1809
853
4930
1089
968
2097
50
2000
3635
1054
3661
1702
3657
406
952
383
4353
317
1715
1391
704
1454
2517
3731
624
4872
3100
797
1009
732
1114
4333
2842
3617
4857
3766
3521
502
4470
1520
4934
218
1873
2957
2175
287
4174
2223
4351
3060
1613
4547
2091
3027
3619
3715
1262
4752
926
3925
4345
685
2025
639
3170
3736
1455
903
2751
4236
4693
3007
1187
1985
759
3266
4180
1843
3011
1074
4749
3744
953
4037
2845
1899
382
1922
3371
732
519
1935
1794
2100
483
1317
650
4841
4452
2944
930
3196
4427
1878
2470
1114
4569
2628
2643
4823
2514
4840
3651
298
3772
3552
1618
1372
800
3757
230
3125
2342
3462
667
1237
3642
4803
3203
3811
215
141
2676
3871
3141
407
2309
1385
1664
2409
1184
3270
1341
889
3475
67
1048
3679
1879
726
702
32
485
3787
3055
2016
838
2976
1089
3107
3521
3922
2056
2880
3410
110
2514
2127
1422
3758
793
3583
635
2317
2626
4471
3808
3881
1893
1475
2002
2015
2965
4785
3730
1061
2694
1057
3831
4070
1336
4526
4331
664
3527
2991
4490
501
285
2201
12
868
1458
2400
3001
1530
2617
1526
219
1150
60
2648
4100
330
4622
986
3736
3601
526
3183
4975
2559
2713
1330
1354
1648
879
2183
2527
3518
4772
320
872
1293
685
3015
3749
13
3905
4601
3623
625
1766
2323
182
4745
3343
2681
3412
1510
4249
2665
2505
704
1326
760
2365
2477
3445
2103
2243
19
2096
282
2494
2121
3542
522
2185
4121
2845
3847
4839
3805
3912
4139
607
2534
49
4561
4058
3053
3687
2638
1642
2623
1263
3216
838
696
3434
115
2806
1450
4757
4105
4781
818
2374
2375
3413
263
3788
3683
2154
787
376
3090
722
2976
646
2074
653
2091
420
4230
2439
3761
2441
1883
385
359
2660
1487
3928
1717
4991
267
1735
1177
2665
353
1251
4012
4804
3153
2515
3330
1851
3933
2105
915
968
915
2
2612
132
3300
1365
1735
2439
459
4993
1921
1335
409
703
4215
2516
2786
4852
3523
743
1909
1219
2253
2157
368
4680
610
765
1378
130
2416
3222
1602
2695
1072
88
3629
2384
1162
1133
1385
3765
4950
4073
1399
3907
3344
4813
1655
89
936
806
4621
4091
3283
2846
4684
911
1544
3395
4997
1928
2763
259
572
2735
2972
3792
2766
3119
1759
3996
2483
1691
1670
4460
4238
2487
818
655
896
1558
481
305
1359
3613
3585
4865
4003
3161
2597
4049
1984
3888
3070
4575
4980
549
3391
1088
2932
95
2556
3684
2849
2470
3312
2999
3600
2200
2509
540
810
4638
2949
3413
2754
3702
2489
296
2992
3420
2413
129
1442
1322
4447
920
3132
1918
1449
4711
2009
4377
3619
3898
4519
4657
1469
3108
103
1651
914
2007
4291
3569
4450
449
3677
3824
276
1566
998
544
2012
2467
118
1028
4725
1300
3416
4866
4322
1956
3828
163
1911
1078
3561
3297
2312
2878
3337
3731
3867
4399
2895
3024
4642
2053
3741
2116
2361
4802
639
1025
4997
3135
4116
1864
1705
2959
1541
676
2030
4827
714
1816
4459
3394
2723
1388
4118
4349
4307
4149
4056
3591
1940
1486
3040
1269
1327
4953
4473
2603
1421
3813
2000
1684
3634
2919
3455
3578
2841
4369
4421
4123
3237
2535
3616
4215
1545
4625
1072
2770
2592
983
530
3120
3983
4860
3500
1153
3056
276
698
2315
3468
2571
4288
3600
1250
2499
90
4520
168
2413
1728
2335
665
4636
77
915
113
1811
301
4296
2489
4972
3974
3554
556
2086
4647
1794
3014
258
947
4333
547
1159
361
1612
4203
1001
957
3581
2683
260
4050
2788
1718
1438
3818
886
1736
4525
1450
3228
198
4940
1697
3086
4076
4020
2627
2456
4570
1884
4728
3797
2464
4911
534
3305
1102
2928
2165
508
2933
4412
3142
1396
4019
350
4228
4855
4464
2703
2322
505
2633
4093
125
610
621
2389
1260
1972
2550
4075
4433
2767
1906
2194
4928
89
1666
472
3971
3303
1371
776
2205
66
1627
3983
340
1292
953
1412
3844
3
2520
3388
945
2343
267
3758
2028
3753
2971
2601
4649
1777
3342
3527
1877
317
2150
4248
1943
4177
3527
2380
1359
4716
3049
646
2885
1611
1942
4909
3700
607
3645
1448
204
1878
1880
3670
785
4721
4916
2650
839
4791
1470
1590
4089
1324
4446
4479
4843
1914
3750
356
1713
2219
2880
3359
2739
4307
2888
1328
4928
4248
1817
2332
668
2218
1709
3892
4572
732
947
1522
148
1982
4876
2755
3917
4766
4094
2376
4726
1354
1336
1537
752
1163
1242
925
4192
1427
1510
2175
411
1878
237
72
2069
4427
1535
1996
4073
2245
1570
1927
623
4763
1752
146
960
4169
1248
2643
1223
1397
3823
3272
2443
2104
1701
34
833
3193
1370
4843
2248
1620
756
2829
3197
1527
1211
790
4867
3713
4881
3441
4692
3031
3411
2603
2727
2118
383
2183
529
3286
1528
2604
2098
4387
3434
378
2171
3392
4623
46
2216
4946
4354
4021
4945
3630
1415
364
2352
796
1533
622
317
3401
332
4390
3989
4543
2840
4342
1999
2858
4194
1883
540
3239
1702
2901
3532
2280
753
2694
4994
1584
2115
1201
4042
2183
967
4135
1574
3059
3582
4191
1554
3095
346
623
331
2937
2759
3529
2401
1013
1362
4992
2029
4835
1331
2
989
3415
3936
2370
980
3913
796
2108
3787
4483
92
2965
230
4178
1166
1166
4206
3386
4355
3752
184
3352
3637
3541
1582
4075
2709
1682
4768
3554
4387
1798
1733
4057
526
178
2493
1691
2028
1016
2092
1260
1730
1443
1627
1598
3731
4814
85
3228
4246
200
2898
2846
4445
88
3168
635
454
1042
1384
1212
4389
4975
588
4685
734
1547
3497
2679
3568
4047
341
4817
1922
216
1912
3045
1112
4247
3214
2148
3949
1871
4998
4911
3331
1184
4295
1833
1078
181
1992
1657
3431
1176
585
4514
2007
2739
3764
2898
501
4938
2031
484
584
2085
3101
255
1876
2301
1361
1127
3419
4143
4870
4094
2367
2201
539
3970
3480
1692
1811
2807
3426
3328
1569
4117
3662
779
3141
524
4177
139
1155
465
4711
1003
2367
3222
2012
4883
1856
1554
3705
4615
4892
3440
58
1023
32
4174
1845
3794
3025
3776
3385
2671
1252
953
467
2531
1863
394
1720
1063
2194
1448
2153
3817
3639
172
114
1782
4399
2795
291
499
1464
262
2457
2571
2339
2481
517
3058
1377
4424
1164
1529
399
4571
3987
787
2186
1923
3915
4495
2804
3733
4526
456
2471
2614
2843
2803
2180
629
1295
2725
3386
3629
3984
2790
2742
1099
4244
2151
3981
4338
3262
3307
396
862
118
3725
2162
4414
386
1008
3607
4806
2761
2862
886
2777
3485
3364
1326
2129
4528
2920
554
53
2306
4158
3542
4441
2319
3281
3380
2696
2259
4288
2598
3269
3686
3939
1841
2822
3312
2195
2410
1349
2730
4843
3158
261
155
2714
932
3479
2304
2153
3111
2678
4782
2309
331
400
1750
491
1982
1184
1123
3405
4805
3290
1068
4831
2497
2078
1372
3851
3857
1887
1753
683
2752
3104
2323
1887
3273
2253
2047
4962
227
1658
452
3940
4585
1313
457
4580
4215
564
4891
319
295
4419
4715
2216
3869
3920
1785
1663
4266
1109
4280
1837
1695
4144
1789
2697
2812
4842
1700
4052
3351
4795
2312
3421
1008
3182
3415
3014
2575
986
2617
4171
2105
3630
2702
1433
2910
1176
2508
4960
4595
3777
4772
4768
3844
1630
1012
803
138
4416
3353
3731
1492
4790
1879
1381
324
3483
1054
4107
926
2958
4362
4751
3237
3245
3192
4857
25
3885
1118
80
3461
2173
4376
3132
4741
2009
3828
2090
1536
3849
3322
4911
3337
4046
4506
2013
2092
4179
2727
2759
1079
2958
889
4777
784
3960
3131
2774
4060
2634
4116
3127
2153
259
4422
3648
3922
123
2996
806
1746
2938
713
3138
2688
4782
2970
4675
3889
3289
1525
4577
904
3190
1796
3076
2517
4043
700
2869
4186
3166
1463
1453
2744
1391
369
3888
3497
4607
1347
955
433
2472
2947
4634
1129
1912
4681
691
2252
3257
2250
81
3372
3374
2913
2791
1097
1518
3083
2398
4872
2297
3707
1994
1318
2569
1750
3109
1012
1296
3430
478
4095
2294
587
612
1772
847
1736
880
4699
4736
765
3352
3489
4875
1360
705
1271
4586
546
3461
3598
3643
4687
3315
4550
304
241
4248
1294
1958
1166
1399
448
4750
668
1215
4992
1084
3416
4417
2511
4301
3367
3748
3688
3335
2482
2797
2087
903
1318
3031
3288
1203
588
3220
1846
1271
4365
2420
187
148
4236
1019
831
3331
4913
3983
3276
4272
2956
915
1223
129
2529
865
3600
2561
2961
1481
303
4902
1706
2276
4169
4899
2920
4100
4329
383
536
175
705
382
4533
2500
3483
4181
3546
4982
382
3890
3461
1695
2374
3801
541
1228
3856
2414
7
2798
2125
2136
4063
182
3364
421
1280
3533
4087
98
4115
1695
2868
3166
2655
3039
2258
888
2590
1527
4608
2803
1307
1016
1849
1823
574
3329
1696
2128
748
1345
832
53
2653
2073
2713
3446
210
4912
3647
2219
4777
4760
4997
2987
4794
1770
2997
2038
4840
4396
4888
4895
258
3660
131
571
372
4492
847
2390
1440
939
3342
3670
1338
1293
1343
3228
1654
2373
225
1234
4516
1294
842
53
3474
857
556
753
1266
1805
3537
1157
4975
3259
2131
2251
1127
415
1587
2037
3397
3960
3885
3825
3551
2888
1670
4226
1797
1736
4299
386
3340
2309
540
1876
279
1408
4817
1135
3131
2051
3559
4074
4748
1493
4381
2736
4418
2224
4860
885
2287
4658
2613
4482
3615
1823
2547
3587
4345
1997
939
2456
4605
2443
49
1116
4387
2418
1086
1297
4320
4498
564
4994
1175
717
559
3774
3647
4349
226
1141
3137
3605
4335
1848
4868
3953
3136
2449
4200
2539
3239
4847
2594
4578
2626
1414
1592
4225
4195
1472
2277
1300
1385
100
2480
885
4328
2484
3724
1682
2347
4004
2034
2772
2661
819
2843
1535
4311
3051
4945
3623
1767
2555
3484
3190
3253
4247
4703
2419
917
4012
1445
2320
560
4679
2142
2033
3793
3400
3312
465
3902
29
1612
163
799
3876
615
4351
958
1408
2215
1163
320
3011
258
4419
2633
3825
2097
112
3138
2206
2963
2546
3750
3615
3223
3188
3851
3477
343
1453
3494
4880
1767
3997
4199
506
2011
4097
4801
2518
1543
4643
2009
945
2497
993
4350
4657
1308
853
135
3319
981
4190
51
4950
2970
2820
3532
2263
1589
3667
3116
3211
1538
4353
1170
3076
2747
124
696
2522
4164
666
1989
568
2424
1579
1289
2298
962
3429
642
1117
1296
3996
38
1970
147
2774
3935
3917
402
4911
4600
2926
112
4032
3486
4280
3640
2673
4518
3542
4666
4595
3369
1997
1277
1630
761
2024
4828
4377
681
1123
1605
968
3870
3669
970
2563
1759
3840
4646
4856
1414
496
2844
792
704
1231
414
957
1232
2838
4064
3570
2824
1338
4551
11
1383
2990
675
4848
1197
2758
2174
3648
1407
2554
3860
1744
2549
699
2730
3262
515
4665
623
2697
2177
1034
1883
4190
1505
4749
503
3356
3657
2244
2093
1587
4212
4283
3427
1734
1745
229
2498
1846
2601
4491
2753
1250
3428
1681
4093
3338
3175
846
327
1053
1473
4398
4258
3787
707
3783
2918
3773
1412
1334
4624
3933
3756
504
4350
1655
433
4046
4074
2191
3464
4774
260
811
3578
109
4942
2268
401
3951
738
3711
1098
4702
4014
3749
2986
2382
2903
1910
3505
2425
1384
377
1391
4583
1348
3740
1359
2115
871
2483
2492
1445
1201
2726
993
426
3059
4311
530
3061
3078
1976
837
2855
3780
4478
3529
582
3275
582
1678
2653
1058
1117
341
3685
4824
4159
2272
4660
3125
1188
1685
3087
961
1643
391
3080
3984
1366
914
2317
1205
4763
1286
447
3504
3321
3013
1128
1408
1167
2696
4942
2835
2409
3402
992
1004
802
2717
1532
1486
4237
4709
1427
764
4300
4978
1089
3148
2445
2647
4703
3941
779
1436
1038
3561
1443
1344
3157
1134
2198
2508
240
4771
2444
331
2815
433
947
105
1661
484
1021
4733
2244
1952
3782
1365
3050
1237
4941
1747
1138
907
4790
3239
24
3361
3441
3719
2561
894
293
758
1198
4560
2128
2089
1067
2023
260
660
3122
3414
4575
4212
3800
4898
2727
386
2541
1332
1977
4436
2083
3527
3077
2314
863
3567
1296
3094
1
4298
1573
3891
560
2024
1409
2158
2227
4386
4793
1569
2167
4113
3065
1331
2254
4520
340
4822
271
3383
958
3368
3313
561
497
4018
2531
685
3890
521
3773
4645
1629
4391
1902
1859
1309
4245
1178
2073
4194
4477
2298
4302
2998
378
2711
3650
47
1739
968
3349
4656
2756
320
1900
2023
3401
2500
216
3331
4667
4611
4382
1099
1116
4410
3214
4673
3147
1276
2706
1034
1598
70
2788
3518
4442
1657
3478
3506
2869
4926
1441
4723
3600
3597
1002
910
4691
4081
2298
1766
4016
4105
4067
2328
4625
562
697
4388
3461
3643
2406
4048
1768
544
3905
664
3478
2350
1176
1439
551
1000
3569
207
121
3574
2309
3701
1730
3454
458
2578
2327
4654
2871
4586
603
2046
2311
3899
3777
1123
2683
4138
226
2023
3727
2733
215
850
4438
1331
399
880
3655
1749
4336
1193
2305
2561
2903
2999
781
2736
4146
3088
1649
2680
1401
4
1090
2854
1591
1513
4225
3845
1195
4335
4491
4784
2614
2389
2650
2167
1016
1851
476
4934
2838
4462
4729
967
3430
465
4178
1580
1461
865
2063
2831
2089
488
2321
2581
4416
4922
3045
3340
2523
635
2440
400
3243
3631
4806
4259
1927
1988
4269
3486
3136
3111
1053
2983
3952
320
1688
3769
1260
2004
4997
2600
713
963
2734
3930
1663
3207
2712
727
4949
2074
3619
4477
472
4159
39
160
4426
1830
3286
807
2611
3352
1870
7
541
2465
3454
4494
2331
2759
2566
724
2008
4796
4961
2411
4661
4541
2537
2779
619
4419
2371
1061
4740
961
2206
4509
4872
1704
1085
3216
4566
4592
4912
3242
3979
4453
635
3837
4841
1530
2321
3793
4799
3563
3858
3638
3517
3928
3957
4625
1187
581
3735
4752
739
3568
1926
2910
2207
912
2278
3964
1754
1994
3450
1073
3112
1951
4526
3905
4608
359
4392
2802
4707
3124
2924
106
4583
3872
676
459
48
4611
2832
3527
107
4366
4318
1759
3668
4990
2114
1519
4107
1178
4112
570
4648
2866
2638
4806
3902
4473
4078
3567
2305
4341
4083
771
1267
3625
733
1623
2183
2206
3008
161
4545
1891
4412
4183
298
2192
1091
422
4079
3299
1176
528
1700
4877
311
400
4829
4356
4335
3129
309
1279
1683
1717
4334
62
2638
2965
4274
3859
1105
751
68
1521
1348
4520
1972
2101
3708
3523
2427
3423
1035
775
4439
2431
1943
4219
2252
4119
4811
2179
3716
3408
2581
944
2527
3138
1152
1252
4307
4852
4472
3139
3990
4926
782
2257
4551
4825
1219
3803
4781
3658
4320
4812
349
2024
2271
4749
1621
2300
1727
70
1371
2026
4500
3131
3470
1143
1724
2405
325
2907
841
2689
1080
4784
2971
305
3630
840
3667
2255
681
1021
2968
4975
132
3657
3800
703
3050
3546
860
4630
2423
1051
450
2656
3541
2444
2542
4007
1
2233
1241
1748
1693
468
3488
1229
146
946
4939
1747
330
3494
3688
670
1985
4526
3950
3110
4963
1990
2453
1450
2632
3263
2136
3635
2555
3529
1956
4415
2706
1678
3166
2372
4046
2042
648
981
2904
2805
1303
3805
4644
4625
114
4497
4192
4927
3793
4203
4529
2751
3864
2014
4293
3412
4826
121
4970
1280
4026
1947
4336
1615
2928
3536
2907
2545
2153
1872
3398
3154
2550
